host send to local-dpu
#bytes #iterations BW peak[MB/sec] BW average[MB/sec] MsgRate[Mpps]
 1          10000000         0.00               3.48   		   3.646790
---------------------------------------------------------------------------------------
 2          10000000         0.00               6.37   		   3.339080
---------------------------------------------------------------------------------------
 4          10000000         0.00               13.19  		   3.458407
---------------------------------------------------------------------------------------
 8          10000000         0.00               26.50  		   3.473145
---------------------------------------------------------------------------------------
 16         10000000         0.00               55.32  		   3.625212
---------------------------------------------------------------------------------------
 32         10000000         0.00               100.94 		   3.307535
---------------------------------------------------------------------------------------
 64         10000000         0.00               211.48 		   3.464880
---------------------------------------------------------------------------------------
 128        10000000         0.00               421.37 		   3.451846
---------------------------------------------------------------------------------------
 256        10000000         0.00               883.84 		   3.620192
---------------------------------------------------------------------------------------
 512        10000000         0.00               1580.13		   3.236096
---------------------------------------------------------------------------------------
 1024       10000000         0.00               3625.93		   3.712948
---------------------------------------------------------------------------------------
 2048       10000000         0.00               6646.51		   3.403015
---------------------------------------------------------------------------------------
 4096       10000000         0.00               11348.45		   2.905203
---------------------------------------------------------------------------------------
 8192       10000000         0.00               11455.74		   1.466335
---------------------------------------------------------------------------------------
 16384      10000000         0.00               11523.68		   0.737516
---------------------------------------------------------------------------------------
